                Time            V1            V2            V3  ...           V27           V28         Amount          Class
count  284807.000000  2.848070e+05  2.848070e+05  2.848070e+05  ...  2.848070e+05  2.848070e+05  284807.000000  284807.000000
mean    94813.859575  1.168375e-15  3.416908e-16 -1.379537e-15  ... -3.660091e-16 -1.227390e-16      88.349619       0.001727
std     47488.145955  1.958696e+00  1.651309e+00  1.516255e+00  ...  4.036325e-01  3.300833e-01     250.120109       0.041527
min         0.000000 -5.640751e+01 -7.271573e+01 -4.832559e+01  ... -2.256568e+01 -1.543008e+01       0.000000       0.000000
25%     54201.500000 -9.203734e-01 -5.985499e-01 -8.903648e-01  ... -7.083953e-02 -5.295979e-02       5.600000       0.000000
50%     84692.000000  1.810880e-02  6.548556e-02  1.798463e-01  ...  1.342146e-03  1.124383e-02      22.000000       0.000000
75%    139320.500000  1.315642e+00  8.037239e-01  1.027196e+00  ...  9.104512e-02  7.827995e-02      77.165000       0.000000
max    172792.000000  2.454930e+00  2.205773e+01  9.382558e+00  ...  3.161220e+01  3.384781e+01   25691.160000       1.000000

[8 rows x 31 columns]